fileName: ../data/dataset_edited_without_time.csv

// all patients //


age: 

    40     41     42     43     44     45     46     47     48     49     50 
     7      1      7      1      2     19      3      1      2      4     27 
    51     52     53     54     55     56     57     58     59     60 60.667 
     4      5     10      2     17      1      2     10      4     33      2 
    61     62     63     64     65     66     67     68     69     70     72 
     4      5      8      3     26      2      2      5      3     25      7 
    73     75     77     78     79     80     81     82     85     86     87 
     4     11      2      2      1      7      1      3      6      1      1 
    90     94     95 
     3      1      2 
   Min. 1st Qu.  Median    Mean 3rd Qu.    Max. 
  40.00   51.00   60.00   60.83   70.00   95.00 


anaemia: 
	 #	 %
0	 170 & 	 56.86
1	 129 & 	 43.14
;   Min. 1st Qu.  Median    Mean 3rd Qu.    Max. 
 0.0000  0.0000  0.0000  0.4314  1.0000  1.0000 


creatinine_phosphokinase: 

  23   30   47   52   53   54   55   56   57   58   59   60   61   62   63   64 
   1    1    3    1    1    1    1    2    1    1    3    3    2    1    1    3 
  66   68   69   70   72   75   76   78   80   81   84   86   88   90   91   92 
   4    3    3    1    1    1    1    1    2    2    3    1    1    1    1    1 
  93   94   95   96   97   99  101  102  103  104  109  110  111  112  113  115 
   1    1    1    2    1    1    1    2    1    1    2    1    1    1    2    3 
 118  119  121  122  123  124  125  127  128  129  130  131  132  133  135  143 
   1    1    1    2    1    1    1    1    1    4    1    1    2    1    2    2 
 144  145  146  148  149  151  154  156  157  159  160  161  166  167  168  170 
   1    1    1    2    1    1    1    1    2    1    1    1    1    2    2    1 
 171  176  180  185  190  191  193  196  198  200  203  207  211  212  213  220 
   1    1    1    1    1    1    1    2    1    1    1    1    1    2    1    1 
 224  231  232  233  235  244  245  246  248  249  250  253  257  258  260  270 
   2    3    1    1    1    1    1    1    1    1    2    1    1    1    1    1 
 280  281  291  292  298  305  308  315  318  320  326  328  335  336  337  358 
   1    1    1    1    1    1    1    1    1    1    1    1    1    1    1    1 
 364  369  371  379  395  400  418  427  446  478  482  514  553  571  572  577 
   1    1    1    1    1    1    1    1    1    1    1    1    1    1    1    1 
 582  588  607  615  618  624  646  655  675  707  719  720  737  748  754  776 
  47    1    1    1    1    1    1    1    1    1    1    1    1    1    1    1 
 789  805  835  855  892  897  898  910  936  943  972  981 1021 1051 1082 1185 
   1    1    2    1    1    1    1    1    1    1    1    1    1    1    1    1 
1199 1202 1211 1380 1419 1548 1610 1688 1767 1808 1820 1846 1876 1896 2017 2060 
   1    1    1    1    1    1    1    1    1    1    1    1    1    1    1    1 
2261 2281 2334 2413 2442 2522 2656 2695 2794 3964 3966 4540 5209 5882 7702 7861 
   1    1    1    1    1    1    1    1    1    1    1    1    1    1    1    1 
   Min. 1st Qu.  Median    Mean 3rd Qu.    Max. 
   23.0   116.5   250.0   581.8   582.0  7861.0 


death_event: 
	 #	 %
0	 203 & 	 67.89
1	 96 & 	 32.11
;   Min. 1st Qu.  Median    Mean 3rd Qu.    Max. 
 0.0000  0.0000  0.0000  0.3211  1.0000  1.0000 


diabetes: 
	 #	 %
0	 174 & 	 58.19
1	 125 & 	 41.81
;   Min. 1st Qu.  Median    Mean 3rd Qu.    Max. 
 0.0000  0.0000  0.0000  0.4181  1.0000  1.0000 


ejection_fraction: 

14 15 17 20 25 30 35 38 40 45 50 55 60 62 65 70 80 
 1  2  2 18 36 34 49 40 37 20 21  3 31  2  1  1  1 
   Min. 1st Qu.  Median    Mean 3rd Qu.    Max. 
  14.00   30.00   38.00   38.08   45.00   80.00 


high_blood_pressure: 
	 #	 %
0	 194 & 	 64.88
1	 105 & 	 35.12
;   Min. 1st Qu.  Median    Mean 3rd Qu.    Max. 
 0.0000  0.0000  0.0000  0.3512  1.0000  1.0000 


platelets: 

    25100     47000     51000     62000     70000     73000     75000     87000 
        1         1         1         1         1         1         1         1 
   105000    119000    122000    126000    127000    130000    132000    133000 
        1         1         1         1         2         1         1         2 
   136000    140000    141000    147000    149000    150000    151000    153000 
        1         2         1         2         3         1         1         3 
   155000    160000    162000    164000    166000    172000    173000    174000 
        1         1         2         1         2         2         2         1 
   176000    179000    181000    184000    185000    186000    188000    189000 
        1         1         1         1         2         1         1         3 
   192000    194000    196000    198000     2e+05    201000    203000    204000 
        1         3         2         1         1         1         3         2 
   208000    210000    211000    212000    213000    215000    216000    217000 
        1         3         1         1         1         2         2         1 
   218000    219000    220000    221000    222000    223000    224000    225000 
        2         2         3         4         2         3         1         1 
   226000    227000    228000    229000    231000    232000    233000    235000 
        4         1         4         1         2         1         1         4 
   236000    237000    241000    242000    243000    244000    246000    248000 
        1         4         1         2         1         3         1         1 
   249000    250000    252000    253000    254000    255000    257000    259000 
        3         1         1         2         3         4         1         1 
   260000    262000    263000 263358.03    264000    265000    266000    267000 
        1         2         1        25         1         3         2         2 
   268000    270000    271000    274000    275000    276000    277000    279000 
        1         2         4         3         1         2         2         4 
   281000    282000    283000    284000    286000    289000    290000    293000 
        1         1         3         1         1         1         1         1 
   294000    295000    297000    298000     3e+05    301000    302000    303000 
        1         1         2         1         1         1         3         1 
   304000    305000    306000    308000    309000    310000    314000    317000 
        2         4         1         1         1         1         1         1 
   318000    319000    321000    324000    325000    327000    328000    329000 
        1         2         1         1         1         3         1         2 
   330000    334000    336000    337000    338000    348000    350000    351000 
        1         2         1         1         1         1         1         2 
   358000    360000    362000    365000    368000    371000    374000    377000 
        1         1         3         2         2         1         1         1 
   382000    385000    388000    389000    390000    395000    404000    406000 
        1         1         1         2         2         2         1         2 
   418000    422000    427000    448000    451000    454000    461000    481000 
        1         1         1         1         2         1         1         1 
   497000    504000    507000    533000    543000    621000    742000    850000 
        1         1         1         1         1         1         1         1 
   Min. 1st Qu.  Median    Mean 3rd Qu.    Max. 
  25100  212500  262000  263358  303500  850000 


serum_creatinine: 

 0.5  0.6  0.7 0.75  0.8  0.9    1  1.1 1.18  1.2  1.3  1.4  1.5  1.6  1.7  1.8 
   1    4   19    1   24   32   50   32   11   24   20    9    5    6    9    4 
1.83  1.9    2  2.1  2.2  2.3  2.4  2.5  2.7  2.9    3  3.2  3.4  3.5  3.7  3.8 
   8    5    1    5    1    3    2    3    3    1    2    1    1    2    1    1 
   4  4.4    5  5.8  6.1  6.8    9  9.4 
   1    1    1    1    1    1    1    1 
   Min. 1st Qu.  Median    Mean 3rd Qu.    Max. 
  0.500   0.900   1.100   1.394   1.400   9.400 


serum_sodium: 

113 116 121 124 125 126 127 128 129 130 131 132 133 134 135 136 137 138 139 140 
  1   1   1   1   1   1   3   2   2   9   5  14  10  32  16  40  38  23  22  35 
141 142 143 144 145 146 148 
 12  11   3   5   9   1   1 
   Min. 1st Qu.  Median    Mean 3rd Qu.    Max. 
  113.0   134.0   137.0   136.6   140.0   148.0 


sex: 
	 #	 %
0	 105 & 	 35.12
1	 194 & 	 64.88
;   Min. 1st Qu.  Median    Mean 3rd Qu.    Max. 
 0.0000  0.0000  1.0000  0.6488  1.0000  1.0000 


smoking: 
	 #	 %
0	 203 & 	 67.89
1	 96 & 	 32.11
;   Min. 1st Qu.  Median    Mean 3rd Qu.    Max. 
 0.0000  0.0000  0.0000  0.3211  1.0000  1.0000 

// target YES patients //


age: 

    42     45     46     48     49     50     51     53     54     55     57 
     1      6      1      2      1      8      1      1      1      3      1 
    58     59     60 60.667     62     65     68     69     70     72     73 
     2      3     13      1      1      8      2      2      7      5      1 
    75     77     80     82     85     86     87     90     94     95 
     6      1      5      3      3      1      1      2      1      2 
   Min. 1st Qu.  Median    Mean 3rd Qu.    Max. 
  42.00   55.00   65.00   65.22   75.00   95.00 


anaemia: 
	 #	 %
0	 50 & 	 52.08
1	 46 & 	 47.92
   Min. 1st Qu.  Median    Mean 3rd Qu.    Max. 
 0.0000  0.0000  0.0000  0.4792  1.0000  1.0000 


creatinine_phosphokinase: 

  23   47   60   66   68   69   70   76   81   91   94   99  104  110  111  112 
   1    2    2    1    1    1    1    1    1    1    1    1    1    1    1    1 
 113  122  123  124  125  128  129  131  143  145  146  148  149  154  157  160 
   1    1    1    1    1    1    2    1    1    1    1    1    1    1    1    1 
 161  166  168  176  220  231  233  235  246  249  250  258  260  280  315  318 
   1    1    2    1    1    1    1    1    1    1    1    1    1    1    1    1 
 328  364  371  379  395  418  427  553  571  577  582  588  776  789  805  855 
   1    1    1    1    1    1    1    1    1    1   17    1    1    1    1    1 
 943  981 1199 1380 1896 2017 2334 2442 3964 5882 7702 7861 
   1    1    1    1    1    1    1    1    1    1    1    1 
   Min. 1st Qu.  Median    Mean 3rd Qu.    Max. 
   23.0   128.8   259.0   670.2   582.0  7861.0 


death_event: 

 1 
96 
   Min. 1st Qu.  Median    Mean 3rd Qu.    Max. 
      1       1       1       1       1       1 


diabetes: 
	 #	 %
0	 56 & 	 58.33
1	 40 & 	 41.67
   Min. 1st Qu.  Median    Mean 3rd Qu.    Max. 
 0.0000  0.0000  0.0000  0.4167  1.0000  1.0000 


ejection_fraction: 

14 15 17 20 25 30 35 38 40 45 50 55 60 62 65 70 
 1  2  1 16 18 13  7 15  4  5  6  1  4  1  1  1 
   Min. 1st Qu.  Median    Mean 3rd Qu.    Max. 
  14.00   25.00   30.00   33.47   38.00   70.00 


high_blood_pressure: 
	 #	 %
0	 57 & 	 59.38
1	 39 & 	 40.62
   Min. 1st Qu.  Median    Mean 3rd Qu.    Max. 
 0.0000  0.0000  0.0000  0.4062  1.0000  1.0000 


platelets: 

    47000     62000     70000     75000     87000    119000    126000    127000 
        1         1         1         1         1         1         1         1 
   136000    140000    149000    151000    153000    162000    166000    185000 
        1         1         1         1         3         1         2         1 
   188000    192000    194000    196000    198000     2e+05    204000    210000 
        1         1         1         2         1         1         2         2 
   213000    216000    217000    219000    221000    223000    224000    225000 
        1         1         1         1         1         1         1         1 
   226000    228000    235000    237000    243000    244000    253000    254000 
        1         1         1         1         1         2         1         1 
   255000    262000 263358.03    265000    266000    271000    274000    276000 
        1         1        10         2         1         2         1         1 
   284000    289000    297000    302000    306000    310000    314000    319000 
        1         1         1         1         1         1         1         2 
   321000    327000    329000    334000    338000    351000    360000    365000 
        1         1         1         1         1         2         1         1 
   368000    385000    388000    389000    390000    395000    418000    451000 
        1         1         1         1         1         1         1         1 
   454000    461000    497000    621000 
        1         1         1         1 
   Min. 1st Qu.  Median    Mean 3rd Qu.    Max. 
  47000  197500  258500  256381  311000  621000 


serum_creatinine: 

 0.6  0.7  0.8  0.9    1  1.1  1.2  1.3  1.4  1.5  1.6  1.7  1.8 1.83  1.9    2 
   2    1    1    5   15    9    9    7    2    2    3    4    1    8    5    1 
 2.1  2.2  2.3  2.4  2.5  2.7  2.9    3  3.5  3.7    4  4.4  5.8  6.8    9  9.4 
   3    1    1    1    3    1    1    2    1    1    1    1    1    1    1    1 
   Min. 1st Qu.  Median    Mean 3rd Qu.    Max. 
  0.600   1.075   1.300   1.836   1.900   9.400 


serum_sodium: 

116 121 124 127 128 129 130 131 132 133 134 135 136 137 138 139 140 141 142 144 
  1   1   1   3   1   2   3   3   8   2  17   6  11   7   6   6   7   1   4   2 
145 146 
  3   1 
   Min. 1st Qu.  Median    Mean 3rd Qu.    Max. 
  116.0   133.0   135.5   135.4   138.2   146.0 


sex: 
	 #	 %
0	 34 & 	 35.42
1	 62 & 	 64.58
   Min. 1st Qu.  Median    Mean 3rd Qu.    Max. 
 0.0000  0.0000  1.0000  0.6458  1.0000  1.0000 


smoking: 
	 #	 %
0	 66 & 	 68.75
1	 30 & 	 31.25
   Min. 1st Qu.  Median    Mean 3rd Qu.    Max. 
 0.0000  0.0000  0.0000  0.3125  1.0000  1.0000 

// target NO patients //


age: 

    40     41     42     43     44     45     46     47     49     50     51 
     7      1      6      1      2     13      2      1      3     19      3 
    52     53     54     55     56     57     58     59     60 60.667     61 
     5      9      1     14      1      1      8      1     20      1      4 
    62     63     64     65     66     67     68     69     70     72     73 
     4      8      3     18      2      2      3      1     18      2      3 
    75     77     78     79     80     81     85     90 
     5      1      2      1      2      1      3      1 
   Min. 1st Qu.  Median    Mean 3rd Qu.    Max. 
  40.00   50.00   60.00   58.76   65.00   90.00 


anaemia: 
	 #	 %
0	 120 & 	 59.11
1	 83 & 	 40.89
;   Min. 1st Qu.  Median    Mean 3rd Qu.    Max. 
 0.0000  0.0000  0.0000  0.4089  1.0000  1.0000 


creatinine_phosphokinase: 

  30   47   52   53   54   55   56   57   58   59   60   61   62   63   64   66 
   1    1    1    1    1    1    2    1    1    3    1    2    1    1    3    3 
  68   69   72   75   78   80   81   84   86   88   90   92   93   95   96   97 
   2    2    1    1    1    2    1    3    1    1    1    1    1    1    2    1 
 101  102  103  109  113  115  118  119  121  122  127  129  130  132  133  135 
   1    2    1    2    1    3    1    1    1    1    1    2    1    2    1    2 
 143  144  148  151  156  157  159  167  170  171  180  185  190  191  193  196 
   1    1    1    1    1    1    1    2    1    1    1    1    1    1    1    2 
 198  200  203  207  211  212  213  224  231  232  244  245  248  250  253  257 
   1    1    1    1    1    2    1    2    2    1    1    1    1    1    1    1 
 270  281  291  292  298  305  308  320  326  335  336  337  358  369  400  446 
   1    1    1    1    1    1    1    1    1    1    1    1    1    1    1    1 
 478  482  514  572  582  607  615  618  624  646  655  675  707  719  720  737 
   1    1    1    1   30    1    1    1    1    1    1    1    1    1    1    1 
 748  754  835  892  897  898  910  936  972 1021 1051 1082 1185 1202 1211 1419 
   1    1    2    1    1    1    1    1    1    1    1    1    1    1    1    1 
1548 1610 1688 1767 1808 1820 1846 1876 2060 2261 2281 2413 2522 2656 2695 2794 
   1    1    1    1    1    1    1    1    1    1    1    1    1    1    1    1 
3966 4540 5209 
   1    1    1 
   Min. 1st Qu.  Median    Mean 3rd Qu.    Max. 
   30.0   109.0   245.0   540.1   582.0  5209.0 


death_event: 

  0 
203 
   Min. 1st Qu.  Median    Mean 3rd Qu.    Max. 
      0       0       0       0       0       0 


diabetes: 
	 #	 %
0	 118 & 	 58.13
1	 85 & 	 41.87
;   Min. 1st Qu.  Median    Mean 3rd Qu.    Max. 
 0.0000  0.0000  0.0000  0.4187  1.0000  1.0000 


ejection_fraction: 

17 20 25 30 35 38 40 45 50 55 60 62 80 
 1  2 18 21 42 25 33 15 15  2 27  1  1 
   Min. 1st Qu.  Median    Mean 3rd Qu.    Max. 
  17.00   35.00   38.00   40.27   45.00   80.00 


high_blood_pressure: 
	 #	 %
0	 137 & 	 67.49
1	 66 & 	 32.51
;   Min. 1st Qu.  Median    Mean 3rd Qu.    Max. 
 0.0000  0.0000  0.0000  0.3251  1.0000  1.0000 


platelets: 

    25100     51000     73000    105000    122000    127000    130000    132000 
        1         1         1         1         1         1         1         1 
   133000    140000    141000    147000    149000    150000    155000    160000 
        2         1         1         2         2         1         1         1 
   162000    164000    172000    173000    174000    176000    179000    181000 
        1         1         2         2         1         1         1         1 
   184000    185000    186000    189000    194000    201000    203000    208000 
        1         1         1         3         2         1         3         1 
   210000    211000    212000    215000    216000    218000    219000    220000 
        1         1         1         2         1         2         1         3 
   221000    222000    223000    226000    227000    228000    229000    231000 
        3         2         2         3         1         3         1         2 
   232000    233000    235000    236000    237000    241000    242000    244000 
        1         1         3         1         3         1         2         1 
   246000    248000    249000    250000    252000    253000    254000    255000 
        1         1         3         1         1         1         2         3 
   257000    259000    260000    262000    263000 263358.03    264000    265000 
        1         1         1         1         1        15         1         1 
   266000    267000    268000    270000    271000    274000    275000    276000 
        1         2         1         2         2         2         1         1 
   277000    279000    281000    282000    283000    286000    290000    293000 
        2         4         1         1         3         1         1         1 
   294000    295000    297000    298000     3e+05    301000    302000    303000 
        1         1         1         1         1         1         2         1 
   304000    305000    308000    309000    317000    318000    324000    325000 
        2         4         1         1         1         1         1         1 
   327000    328000    329000    330000    334000    336000    337000    348000 
        2         1         1         1         1         1         1         1 
   350000    358000    362000    365000    368000    371000    374000    377000 
        1         1         3         1         1         1         1         1 
   382000    389000    390000    395000    404000    406000    422000    427000 
        1         1         1         1         1         2         1         1 
   448000    451000    481000    504000    507000    533000    543000    742000 
        1         1         1         1         1         1         1         1 
   850000 
        1 
   Min. 1st Qu.  Median    Mean 3rd Qu.    Max. 
  25100  219500  263000  266658  302000  850000 


serum_creatinine: 

 0.5  0.6  0.7 0.75  0.8  0.9    1  1.1 1.18  1.2  1.3  1.4  1.5  1.6  1.7  1.8 
   1    2   18    1   23   27   35   23   11   15   13    7    3    3    5    3 
 2.1  2.3  2.4  2.7  3.2  3.4  3.5  3.8    5  6.1 
   2    2    1    2    1    1    1    1    1    1 
   Min. 1st Qu.  Median    Mean 3rd Qu.    Max. 
  0.500   0.900   1.000   1.185   1.200   6.100 


serum_sodium: 

113 125 126 128 130 131 132 133 134 135 136 137 138 139 140 141 142 143 144 145 
  1   1   1   1   6   2   6   8  15  10  29  31  17  16  28  11   7   3   3   6 
148 
  1 
   Min. 1st Qu.  Median    Mean 3rd Qu.    Max. 
  113.0   135.5   137.0   137.2   140.0   148.0 


sex: 
	 #	 %
0	 71 & 	 34.98
1	 132 & 	 65.02
;   Min. 1st Qu.  Median    Mean 3rd Qu.    Max. 
 0.0000  0.0000  1.0000  0.6502  1.0000  1.0000 


smoking: 
	 #	 %
0	 137 & 	 67.49
1	 66 & 	 32.51
;   Min. 1st Qu.  Median    Mean 3rd Qu.    Max. 
 0.0000  0.0000  0.0000  0.3251  1.0000  1.0000 
